369785
file1.jpg
16802
33604
50405
file1.jpg
16802
33604
50405
file1.jpg
16802
33604
50405
file1.jpg
16802
33604
50405
file1.jpg
16802
33604
50405
file1.jpg
16802
33604
50405
file1.jpg
16802
33604
50405
file1.jpg
16802
33604
50405
backup1file1.jpg
8401
16802
25202
backup2file1.jpg
8401
8401
16801
superman.jpg
98537
197075
295611
backup1superman.jpg
49269
49269
98537
backup2superman.jpg
49268
98538
147805
box.jpg
7164
14329
21493
box.jpg
7165
14328
21492
backup1box.jpg
3582
7164
10745
backup2box.jpg
3582
3582
7163
