369786
file1.jpg
16802
16802
33603
file1.jpg
16802
16802
33603
file1.jpg
16802
16802
33603
file1.jpg
16802
16802
33603
file1.jpg
16802
16802
33603
file1.jpg
16802
16802
33603
file1.jpg
16802
16802
33603
file1.jpg
16802
16802
33603
backup1file1.jpg
8401
0
8400
backup2file1.jpg
8401
42005
50405
superman.jpg
98537
98538
197074
backup1superman.jpg
49269
0
49268
backup2superman.jpg
49269
246343
295611
box.jpg
7164
7165
14328
box.jpg
7164
7164
14327
backup1box.jpg
3582
0
3581
backup2box.jpg
3583
17910
21492
